1905746161442705408
1905781300969214081
1906040516577554710
1905718930985095579
1905803365734568092
1905786244619198493
1906417945334743455
1906067328477069729
1906059949278736418
1906161481269588257
1907156734134853927
1906046475509100844
1906176014075478450
1905750126007857203
1907161316873449786
1905807463779086781
1906069808984244289
1905751586992951751
1905808666034589771
1906056740153807319
1907855541998936537
1906150979437011044
1905746480515998063
1908300549025562867
1906193464196477302
1906187494175150455
1908587015593222267
